1,9000,25,25,100,,,1,10,99
2,9000,9000,900,25,1,,1,10,99
3,9000,9000,900,900,,,1,10,99
11,5,10,10,100,,,1,24000,99
12,5,10,10,15,1,,1,24000,99
13,5,10,10,100,0,1,1,24000,99
14,5,25,1000,100,,0,1,24000,99
15,5,25,900,50,1,0,1,24000,99
16,5,25,900,1000,0,1,1,24000,99
17,9000,25,1000,1000,0,0,1,24000,99
18,9000,25,1000,50,1,0,1,24000,99
19,9000,25,1000,1000,0,1,1,24000,99
20,9000,9000,1000,1000,0,0,1,24000,99
21,9000,9000,1000,50,1,0,1,24000,99
22,9000,9000,1000,1000,0,1,1,24000,99
23,5,25,1000,1000,1,,1,24000,99
24,9000,9000,1000,1000,1,,1,24000,99
121,5,4,50,50,,,2,24000,0
122,5,4,50,50,,,2,24000,1
123,5,4,10,10,,0,2,24000,99
124,5,4,999,999,,0,2,24000,99
125,5,10,50,50,,,2,24000,0
126,5,10,50,50,,,2,24000,1
127,5,10,10,10,,0,2,24000,99
128,5,10,999,999,,0,2,24000,99
129,5,9999,50,50,,,2,24000,0
130,5,9999,999,999,,,2,24000,99
136,20,4,999,999,,,2,5,0
138,20,4,999,999,,,2,5,1
139,20,4,999,999,,0,2,5,99
131,20,4,999,999,,,2,24000,0
132,20,4,999,999,,,2,24000,1
133,20,4,999,999,,0,2,24000,99
13312,50,4,999,999,,0,2,24000,1
1331,50,4,999,999,,0,2,24000,99
13322,100,4,999,999,,0,2,24000,1
1332,100,4,999,999,,0,2,24000,99
140,20,9999,999,999,,0,2,5,0
141,20,9999,999,999,,,2,5,99
134,20,9999,999,999,,0,2,24000,0
135,20,9999,999,999,,,2,24000,99
1351,50,9999,999,999,,,2,24000,99
1352,100,9999,999,999,,,2,24000,99
142,9999,4,999,999,,,2,5,0
143,9999,4,999,999,,,2,5,1
144,9999,4,999,999,,0,2,5,99
145,9999,4,999,999,,,2,24000,0
146,9999,4,999,999,,,2,24000,1
147,9999,4,999,999,,0,2,24000,99
148,9999,9999,999,999,,0,2,24000,1
149,9999,9999,999,999,,,2,24000,99
152,5,4,50,50,,1,2,24000,0
153,5,4,50,50,,1,2,24000,1
154,5,4,10,10,,1,2,24000,99
155,20,4,999,999,,1,2,5,0
1156,20,4,10,10,,1,2,5,1
156,20,4,10,10,,1,2,5,99
11561,20,4,20,20,,1,2,5,1
1561,20,4,20,20,,1,2,5,99
11562,20,4,28,28,,1,2,5,1
1562,20,4,28,28,,1,2,5,99
11563,20,4,999,999,,1,2,5,1
1563,20,4,999,999,,1,2,5,99
157,20,4,999,999,,1,2,24000,0
158,20,4,999,999,,1,2,24000,1
159,20,4,999,999,,1,2,24000,99
160,40,4,999,999,,1,2,24000,0
161,40,4,999,999,,1,2,24000,99
170,9999,4,999,999,,1,2,24000,0
1711,100,4,999,999,,1,2,24000,99
171,9999,4,999,999,,1,2,24000,99
172,9999,9999,999,999,,1,2,24000,0
181,100,9999,999,999,,1,2,24000,99
299,9999,9999,32000,32000,,,2,24000,99
300,9999,9999,32000,32000,,1,2,24000,99
