Quick,1,High Volume,1000,4000,1000,0.001,2,20,1,5,10,,,5,100,100,,,,,
Quick,1,Restricted,100,4000,1000,,,20,1,5,,,,5,100,100,,1,10,,
Quick,2,High Volume,1000,4000,1000,0.001,2,20,1,5,10,,,5,100,100,,,,,
Quick,2,Restricted,75,4000,1000,,,20,1,5,,,,5,100,100,,1,10,,
Quick,3,High Volume,1000,4000,1000,0.001,2,20,1,5,10,,20,5,100,100,,,,,
Quick,3,Restricted,100,4000,1000,,,20,1,5,,,20,5,100,100,,1,10,,
Quick,11,High Volume,1000,1000,100,0.001,2,20,1,5,10,,,5,100,100,,0,,,
Quick,11,Restricted,75,1000,100,,,20,1,5,,,,5,100,100,10,0,,,
Quick,12,High Volume,1000,1000,100,0.001,2,20,1,5,10,,,5,100,100,,,,,
Quick,12,Restricted,50,1000,100,,,20,1,5,,,,5,100,100,10,0,,,
Quick,13,High Volume,1000,1000,100,0.001,2,20,1,5,10,,20,5,100,100,,,,,
Quick,13,Restricted,75,1000,100,,,20,1,5,,,20,5,100,100,10,0,,,
Quick,14,High Volume,1000,1000,100,0.001,2,20,1,5,10,,20,5,100,100,,,,,
Quick,14,Restricted,20,1000,100,,,20,1,5,,,,5,100,100,,0,,10,
Quick,15,High Volume,1000,1000,100,0.001,2,20,1,5,10,,,5,100,100,,,,,
Quick,15,Restricted,20,1000,100,,,20,1,5,,,,5,100,100,10,0,,,
Quick,15,Restricted,20,200,100,0.010,1,1,,1,2,,1,1,100,0,,,,,
Quick,16,High Volume,1000,1000,100,0.001,2,20,1,5,10,,,5,100,100,,,,,
Quick,16,Restricted,20,1000,100,,,20,1,5,,,,5,100,100,10,0,,,
Quick,16,Restricted,20,200,100,0.010,1,1,,1,2,,1,1,100,0,,,,,
Quick,17,High Volume,1000,1000,100,0.001,2,20,1,5,10,,,5,100,0,,,,,
Quick,17,Restricted,20,1000,100,,,20,1,5,,,,5,100,0,10,0,,,
Quick,17,Restricted,20,200,100,0.010,1,1,,1,2,,1,1,100,0,,,,,
Quick,18,High Volume,1000,1000,100,0.001,2,20,1,5,10,,,5,100,100,,,,,
Quick,18,Restricted,20,1000,100,,,20,1,5,,,,5,100,100,10,0,,,
Quick,18,Restricted,20,200,100,0.010,1,1,,1,2,,1,1,100,0,,,,,
Quick,19,High Volume,1000,1000,100,0.001,2,20,1,5,10,,,5,100,100,,,,,
Quick,19,Restricted,20,1000,100,,,20,1,5,,,,5,100,100,10,0,,,
Quick,19,Restricted,20,200,100,0.010,1,1,,1,2,,1,1,100,0,,,,,
Quick,20,High Volume,1000,1000,100,0.001,2,20,1,5,10,,,5,100,0,,,,,
Quick,20,Restricted,20,1000,100,,,20,1,5,,,,5,100,0,10,0,,,
Quick,20,Restricted,20,200,100,0.010,1,1,,1,2,,1,1,100,0,,,,,
Quick,21,High Volume,1000,1000,100,0.001,2,20,1,5,10,,,5,100,100,,,,,
Quick,21,Restricted,20,1000,100,,,20,1,5,,,,5,100,100,10,0,,,
Quick,21,Restricted,20,200,100,0.010,1,1,,1,2,,1,1,100,0,,,,,
Quick,22,High Volume,1000,1000,100,0.001,2,20,1,5,10,,,5,100,100,,,,,
Quick,22,Restricted,20,1000,100,,,20,1,5,,,,5,100,100,10,0,,,
Quick,22,Restricted,20,200,100,0.010,1,1,,1,2,,1,1,100,0,,,,,
Quick,23,Restricted,20,3000,1000,,,20,1,5,10,,50,5,100,100,,1,5,10,
Quick,23,Restricted,20,3000,1000,,,20,1,5,,,50,5,100,100,10,0,,,
Quick,24,Restricted,20,3000,1000,,,20,1,5,10,,50,5,100,100,,1,5,10,
Quick,24,Restricted,20,3000,1000,,,20,1,5,,,50,5,100,100,10,0,,,
Quick,121,High Volume,1000,6000,4000,0.001,10,200,1,5,10,,,999,4000,2000,,0,,,
Quick,121,Restricted,100,6000,4000,,,200,1,5,,,,999,4000,2000,,0,,10,
Quick,122,High Volume,1000,6000,4000,0.001,10,20,1,5,10,,,5,2000,1000,,0,,,
Quick,122,Restricted,50,6000,4000,,,20,1,5,,,,5,2000,1000,,0,,10,
Quick,123,Restricted,25,4000,2000,,,20,1,5,,,,2,2000,1000,,0,,10,
Quick,123,Restricted,50,2000,1000,,,20,1,2,,,,2,1000,500,10,,,,
Quick,124,Restricted,75,4000,2000,,,200,1,2,,,,9,2000,1000,,,,,
Quick,124,Restricted,25,4000,2000,,,20,1,2,,,,2,2000,1000,10,,,,
Quick,125,High Volume,1000,4000,2000,0.001,10,200,1,2,10,,,5,4000,2000,,0,,,
Quick,125,Restricted,25,4000,2000,,,200,1,2,,,,5,4000,2000,,0,,10,
Quick,126,High Volume,1000,4000,2000,0.001,10,200,1,2,10,,,5,4000,2000,,0,,,
Quick,126,Restricted,25,4000,2000,,,200,1,2,,,,5,4000,2000,,0,,10,
Quick,127,Restricted,75,4000,2000,,,200,1,2,,,,5,4000,2000,10,,,,
Quick,127,Restricted,25,4000,2000,,,200,1,2,,,,5,4000,2000,,0,,,
Quick,128,High Volume,1000,4000,2000,0.001,10,200,1,2,10,,,5,4000,2000,,0,,,
Quick,128,Restricted,25,4000,2000,,,200,1,2,,,,5,4000,2000,,0,,10,
Quick,128,Restricted,75,4000,2000,,,200,1,2,,,,5,4000,2000,10,,,,
Quick,129,High Volume,1000,2000,1000,0.001,10,20,1,2,10,,,5,2000,1000,,0,,,
Quick,129,Restricted,20,2000,1000,,,5,1,1,,,,2,2000,1000,,0,,10,
Quick,130,High Volume,1000,6000,4000,0.001,10,20,1,2,10,,,5,4000,2000,,0,,,
Quick,130,Restricted,20,2000,1000,,,5,1,2,,,,5,2000,1000,10,0,,,
Quick,131,High Volume,1000,6000,4000,0.001,10,200,1,5,10,,,999,4000,2000,,0,,,
Quick,131,Restricted,100,6000,4000,,,200,1,5,,,,999,4000,2000,,0,,10,
Quick,132,High Volume,1000,6000,4000,0.001,10,20,1,5,10,,,5,2000,1000,,0,,,
Quick,132,Restricted,50,6000,4000,,,20,1,5,,,,5,2000,1000,,0,,10,
Quick,133,High Volume,1000,4000,2000,0.001,10,20,1,1,10,,,2,2000,1000,,0,,,
Quick,133,Restricted,25,4000,2000,,,20,1,2,,,,2,2000,1000,,0,,10,
Quick,133,Restricted,50,100,100,,,,0,2,,,1,1,5,5,10,,,,
Quick,1331,Restricted,30,1000,500,,,2,0,2,,,,1,250,250,10,0,,,
Quick,13312,Restricted,100,2000,1000,,,2,0,2,,,,1,500,500,10,,,,
Quick,13312,Restricted,50,6000,4000,,,2,1,2,,,,9,2000,1000,,,,10,
Quick,1332,Restricted,20,1000,500,,,2,0,2,,,,1,250,250,10,0,,,
Quick,13322,Restricted,75,2000,1000,,,2,0,2,,,,1,500,500,10,,,,
Quick,13322,Restricted,30,6000,4000,,,2,1,2,,,,9,2000,1000,,,,10,
Quick,134,Restricted,5,1000,500,,,2,1,2,,,,2,500,500,,0,,,
Quick,134,High Volume,1000,2000,1000,0.001,10,20,1,2,10,,,5,2000,1000,,0,,,
Quick,135,Restricted,15,3000,1000,,,10,1,2,,,,5,2000,1000,10,0,,,
Quick,135,Restricted,75,1000,1000,,,10,0,2,,,,1,500,500,,0,,,
Quick,1351,Restricted,50,100,100,,,,0,2,,,1,1,5,5,10,,,,
Quick,1351,Restricted,10,2000,1000,,,,0,2,,,1,1,500,500,,,,,
Quick,1352,Restricted,10,100,100,,,,0,2,,,1,1,5,5,10,0,,,
Quick,136,Restricted,5,1000,500,,,10,1,2,,,,5,500,500,10,0,,,
Quick,136,High Volume,1000,6000,4000,0.001,10,200,1,2,10,,,99,3000,2000,,0,,,
Quick,136,Restricted,100,6000,4000,,,200,1,2,,,,99,3000,2000,,0,,10,
Quick,138,High Volume,1000,6000,4000,0.001,10,200,1,2,10,,,99,3000,2000,,0,,,
Quick,138,Restricted,25,6000,4000,,,200,1,2,,,,99,3000,2000,,0,,10,
Quick,139,Restricted,40,3000,2000,,,200,1,2,,,,9,2000,1000,,0,,10,
Quick,139,Restricted,50,100,100,,,,,2,,,,1,100,100,10,,,,
Quick,140,Restricted,20,3000,2000,,,20,1,2,,,,9,3000,2000,10,0,,,
Quick,140,High Volume,1000,6000,4000,0.001,10,200,1,2,10,,,99,3000,2000,,0,,,
Quick,141,Restricted,60,500,500,,,20,0,2,,,,1,200,200,10,,,,
Quick,141,Restricted,20,2000,1000,,,20,1,2,,,,1,1000,500,,0,,,
Quick,142,Restricted,100,6000,4000,,,200,1,2,,,,9,3000,2000,,0,,10,
Quick,142,High Volume,1000,6000,4000,0.001,10,200,1,2,10,,,99,3000,2000,,0,,,
Quick,142,Restricted,100,6000,4000,,,200,1,2,,,,99,3000,2000,,0,,10,
Quick,143,Restricted,20,3000,2000,,,20,1,2,,,,9,3000,2000,,0,,10,
Quick,144,Restricted,20,1000,500,,,200,1,2,,,,1,500,500,,0,,10,
Quick,144,Restricted,40,100,100,,,,,2,,,,1,100,100,10,,,,
Quick,145,High Volume,1000,6000,4000,0.001,10,200,1,2,10,,,99,3000,2000,,0,,,
Quick,145,Restricted,25,6000,4000,,,200,1,2,,,,99,3000,2000,,0,,10,
Quick,146,High Volume,1000,3000,2000,0.001,10,2,1,2,1,,,1,2000,1000,,0,,,
Quick,146,Restricted,10,3000,2000,,,2,1,2,,,,1,2000,1000,,0,,10,
Quick,147,Restricted,10,1000,500,,,2,0,2,,,,1,250,250,10,0,,,
Quick,148,Restricted,10,3000,2000,,,20,1,2,,,,9,3000,2000,,0,,,
Quick,148,High Volume,1000,3000,2000,0.001,10,2,1,2,1,,,1,1000,500,,0,,,
Quick,149,Restricted,5,100,100,,,,0,2,,,1,1,5,5,,0,,,
Quick,152,Restricted,100,6000,4000,,,200,1,5,,,,999,4000,2000,,0,,10,
Quick,152,High Volume,1000,6000,4000,0.001,10,200,1,5,10,,5,999,4000,2000,,0,,,
Quick,153,Restricted,50,6000,4000,,,20,1,5,,,6,5,2000,1000,,0,,10,
Quick,153,High Volume,1000,6000,4000,0.001,10,20,1,5,10,,6,5,2000,1000,,0,,,
Quick,154,Restricted,20,4000,2000,,,20,1,5,,,5,2,2000,1000,,0,,10,
Quick,154,High Volume,1000,4000,2000,0.001,10,20,1,5,10,,5,2,2000,1000,,0,,,
Quick,155,Restricted,200,6000,4000,,,200,1,2,,,5,99,3000,2000,,0,,10,
Quick,155,High Volume,1000,6000,4000,0.001,10,200,1,2,10,,5,99,3000,2000,,0,,,
Quick,156,Restricted,25,6000,4000,,,200,1,2,,,5,9,3000,2000,,0,,10,
Quick,156,Restricted,200,500,500,,,,0,2,,,1,2,500,500,,,,10,
Quick,156,High Volume,1000,6000,4000,0.010,5,200,1,2,10,,5,9,3000,2000,,0,,,
Quick,1156,Restricted,300,6000,4000,,,,1,2,,,6,9,3000,2000,10,,,,
Quick,1156,Restricted,175,6000,4000,,,,1,2,,,6,9,3000,2000,,,,10,
Quick,1561,Restricted,50,500,500,,,,0,2,,,1,2,500,500,,,,10,
Quick,1561,Restricted,15,4000,2000,,,200,1,2,,,6,3,2000,1000,,0,,10,
Quick,1561,Restricted,25,1000,500,,,,1,2,,,3,2,500,500,10,,,,
Quick,11561,Restricted,30,4000,2000,,,,1,2,,,6,9,2000,1000,,,,10,
Quick,11561,Restricted,50,1000,500,,,,1,2,,,3,2,500,500,10,,,,
Quick,11561,Restricted,100,500,500,,,,0,2,,,5,2,500,500,,,,10,
Quick,1562,Restricted,50,500,500,,,,0,2,,,1,2,500,500,,,,10,
Quick,1562,Restricted,15,4000,2000,,,200,1,2,,,6,3,2000,1000,,0,,10,
Quick,11562,Restricted,50,1000,500,,,,1,2,,,3,2,500,500,10,,,,
Quick,11562,Restricted,100,500,500,,,,0,2,,,3,2,500,500,,,,10,
Quick,11562,Restricted,30,4000,2000,,,,1,2,,,6,3,2000,1000,,0,,10,
Quick,1563,Restricted,30,500,500,,,,0,2,,,1,2,250,250,,,,10,
Quick,1563,Restricted,15,3000,2000,,,200,1,2,,,5,3,2000,1000,,0,,10,
Quick,11563,Restricted,50,1000,500,,,,1,2,,,3,2,500,500,10,,,,
Quick,11563,Restricted,50,500,500,,,,0,2,,,1,2,250,250,,,,10,
Quick,11563,Restricted,20,3000,2000,,,200,1,2,,,5,3,2000,1000,,0,,10,
Quick,157,Restricted,50,6000,4000,,,200,1,5,,,6,9,4000,2000,,0,,10,
Quick,157,High Volume,1000,6000,4000,0.001,10,200,1,5,10,,6,9,4000,2000,,0,,,
Quick,158,Restricted,20,2000,1000,,,20,1,5,,,5,5,2000,1000,,0,,10,
Quick,158,High Volume,1000,4000,4000,0.001,10,20,1,5,10,,5,5,2000,1000,,0,,,
Quick,159,Restricted,25,2000,1000,,,20,1,2,,,5,2,500,500,,0,,10,
Quick,159,High Volume,1000,2000,1000,0.001,10,20,1,1,10,,5,2,2000,1000,,0,,,
Quick,160,Restricted,75,6000,4000,,,200,1,2,,,5,99,3000,2000,,0,,10,
Quick,161,Restricted,25,2000,500,,,2,1,2,,,9,1,1000,500,,0,,,
Quick,170,Restricted,100,6000,4000,,,200,1,2,,,5,99,3000,2000,,0,,10,
Quick,170,Restricted,100,1000,500,,,,,2,,,2,1,1000,500,10,,,,
Quick,1711,Restricted,30,500,500,,,,0,2,,,5,1,250,250,10,,,,
Quick,171,Restricted,30,500,500,,,,0,2,,,5,1,250,250,10,,,,
Quick,171,Restricted,15,500,500,,,,1,2,,,2,2,250,250,,,,,
Quick,181,Restricted,10,6000,4000,,,200,1,2,,,5,9,4000,2000,,0,,,
Quick,181,Restricted,50,1000,500,,,,0,2,,,5,5,1000,500,10,,,,
Quick,299,High Volume,1000,4000,2000,0.001,10,200,1,2,10,,,5,4000,2000,,0,,,
Quick,299,Restricted,15,4000,2000,,,200,1,2,,,,5,4000,2000,,0,,10,
Quick,300,Restricted,15,4000,2000,,,200,1,2,,,5,5,4000,2000,,0,,10,
Normal,1,Restricted,75,4000,1000,,,20,1,5,10,,,5,100,100,,1,10,10,
Normal,1,Restricted,75,4000,1000,,,20,1,5,,,,5,100,100,10,0,,,
Normal,1,High Volume,1000,4000,1000,0.001,10,20,1,5,10,,15,5,4000,1000,,0,,,
Normal,2,Restricted,75,4000,1000,,,20,1,5,10,,,5,100,100,,1,10,10,
Normal,2,Restricted,75,4000,1000,,,20,1,5,,,,5,100,100,10,0,,,
Normal,2,High Volume,1000,4000,1000,0.001,10,20,1,5,10,,15,5,4000,1000,,0,,,
Normal,3,Restricted,75,4000,1000,,,20,1,5,00,,50,5,100,100,,1,10,10,
Normal,3,Restricted,75,4000,1000,,,20,1,5,,,50,5,100,100,10,0,,,
Normal,3,High Volume,1000,4000,1000,0.001,10,20,1,5,10,,50,5,100,100,,0,,,
Normal,11,Restricted,75,4000,1000,,,20,1,5,10,,,5,100,100,,1,10,10,
Normal,11,Restricted,75,4000,1000,,,20,1,5,,,,5,100,100,10,0,,,
Normal,11,High Volume,1000,4000,1000,0.001,10,20,1,5,10,,15,5,4000,1000,,0,,,
Normal,12,Restricted,75,4000,1000,,,20,1,5,10,,,5,100,100,,1,10,10,
Normal,12,Restricted,75,4000,1000,,,20,1,5,,,,5,100,100,10,0,,,
Normal,12,High Volume,1000,4000,1000,0.001,10,20,1,5,10,,15,5,4000,1000,,0,,,
Normal,13,Restricted,75,4000,1000,,,20,1,5,00,,50,5,100,100,,1,10,10,
Normal,13,Restricted,75,4000,1000,,,20,1,5,,,50,5,100,100,10,0,,,
Normal,13,High Volume,1000,4000,1000,0.001,10,20,1,5,10,,50,5,100,100,,0,,,
Normal,14,Restricted,50,4000,1000,,,20,1,5,00,,50,5,100,100,,1,10,10,
Normal,14,Restricted,50,4000,1000,,,20,1,5,,,50,5,100,100,10,0,,,
Normal,14,High Volume,1000,4000,1000,0.001,10,20,1,5,10,,50,5,100,100,,0,,,
Normal,15,Restricted,100,6000,3000,,,20,1,5,,,,5,100,100,,1,10,10,
Normal,15,Restricted,100,6000,3000,,,20,1,5,,,,5,100,100,10,0,,,
Normal,15,High Volume,1000,6000,3000,0.001,10,20,1,5,10,,,5,100,100,,0,,,
Normal,16,Restricted,50,4000,1000,,,20,1,5,00,,50,5,100,100,,1,10,10,
Normal,16,Restricted,50,4000,1000,,,20,1,5,,,50,5,100,100,10,0,,,
Normal,16,High Volume,1000,4000,1000,0.001,10,20,1,5,10,,50,5,100,100,,0,,,
Normal,17,Restricted,50,4000,1000,,,20,1,5,00,,50,5,100,100,10,0,,,
Normal,17,Restricted,50,4000,1000,,,20,1,5,,,50,5,100,100,,0,,,
Normal,17,High Volume,1000,4000,1000,0.001,10,20,1,5,10,,50,5,100,100,,0,,,
Normal,18,Restricted,50,4000,1000,,,20,1,5,00,,50,5,100,100,,0,,10,
Normal,18,Restricted,50,4000,1000,,,20,1,5,,,50,5,100,100,10,0,,0,
Normal,18,High Volume,1000,4000,1000,0.001,10,20,1,5,10,,50,5,100,100,,0,,,
Normal,19,Restricted,50,3000,1000,,,20,1,5,10,,50,5,100,100,,0,,10,
Normal,19,Restricted,50,3000,1000,,,20,1,5,,,50,5,100,100,10,0,,,
Normal,19,High Volume,1000,3000,1000,0.001,10,20,1,5,10,,50,5,100,100,,0,,,
Normal,20,Restricted,50,4000,1000,,,20,1,5,00,,50,5,100,100,10,0,,,
Normal,20,Restricted,50,4000,1000,,,20,1,5,,,50,5,100,100,,0,,,
Normal,20,High Volume,1000,4000,1000,0.001,10,20,1,5,10,,50,5,100,100,,0,,,
Normal,21,Restricted,50,4000,1000,,,20,1,5,00,,50,5,100,100,,0,,10,
Normal,21,Restricted,50,4000,1000,,,20,1,5,,,50,5,100,100,10,0,,0,
Normal,21,High Volume,1000,4000,1000,0.001,10,20,1,5,10,,50,5,100,100,,0,,,
Normal,22,Restricted,50,3000,1000,,,20,1,5,10,,50,5,100,100,,0,,10,
Normal,22,Restricted,50,3000,1000,,,20,1,5,,,50,5,100,100,10,0,,,
Normal,22,High Volume,1000,3000,1000,0.001,10,20,1,5,10,,50,5,100,100,,0,,,
Normal,23,Restricted,20,3000,1000,,,20,1,5,10,,50,5,100,100,,1,5,10,
Normal,23,Restricted,50,3000,1000,,,20,1,5,,,50,5,100,100,10,0,,,
Normal,24,Restricted,20,3000,1000,,,20,1,5,10,,50,5,100,100,,1,5,10,
Normal,24,Restricted,50,3000,1000,,,20,1,5,,,50,5,100,100,10,0,,,
Normal,121,Restricted,500,6000,4000,,,200,1,5,,,,9,4000,2000,,0,,10,
Normal,121,Restricted,200,6000,4000,,,200,1,5,,,,9,2000,1000,,1,10,10,
Normal,121,High Volume,1000,6000,4000,0.001,10,200,1,5,10,,,9,4000,2000,,0,,,
Normal,122,Restricted,300,6000,4000,,,200,1,2,,,,9,2000,1000,,0,,10,
Normal,122,Restricted,300,6000,4000,,,200,1,2,,,,9,2000,1000,10,0,,10,
Normal,122,High Volume,1000,6000,4000,0.001,10,200,1,2,10,,,9,2000,1000,,0,,,
Normal,123,Restricted,300,4000,2000,,,200,1,2,,,,9,2000,1000,,0,,10,
Normal,123,Restricted,50,2000,1000,,,20,1,2,,,,2,1000,500,10,,,,
Normal,124,Restricted,75,4000,2000,,,200,1,2,,,,9,2000,1000,,,,10,
Normal,124,Restricted,60,4000,2000,,,200,1,2,,,,1,2000,1000,10,,,10,
Normal,124,High Volume,1000,4000,2000,0.001,10,200,1,2,10,,,9,2000,1000,,0,,,
Normal,125,Restricted,60,6000,4000,,,20,1,2,,,,5,4000,2000,,0,,,
Normal,125,Restricted,20,6000,4000,,,20,1,2,,,,5,2000,1000,,1,10,,
Normal,125,High Volume,1000,6000,4000,0.001,10,20,1,2,10,,,5,4000,2000,,0,,,
Normal,126,Restricted,50,6000,4000,,,20,1,2,,,,5,4000,2000,,0,,,
Normal,126,Restricted,25,6000,4000,,,20,1,2,,,,5,2000,1000,,1,10,,
Normal,126,High Volume,1000,6000,4000,0.001,10,20,1,2,10,,,5,4000,2000,,0,,,
Normal,127,Restricted,50,6000,4000,,,20,1,2,,,,5,4000,2000,,0,,,
Normal,127,Restricted,80,2000,1000,,,20,1,2,,,,5,1000,500,10,,,,
Normal,127,High Volume,1000,6000,4000,0.001,10,20,1,2,10,,,5,4000,2000,,0,,,
Normal,128,Restricted,50,6000,4000,,,20,1,2,,,,5,4000,2000,,0,,,
Normal,128,Restricted,50,2000,1000,,,20,1,2,,,,5,1000,500,10,,,,
Normal,128,High Volume,1000,6000,4000,0.001,10,20,1,2,10,,,5,4000,2000,,0,,,
Normal,129,Restricted,50,6000,4000,,,20,1,2,,,,5,4000,2000,,0,,,
Normal,129,High Volume,1000,6000,4000,0.001,10,20,1,2,10,,,5,4000,2000,,0,,,
Normal,130,Restricted,75,3000,1000,,,10,1,2,,,,5,2000,1000,10,0,,,
Normal,130,Restricted,75,3000,1000,,,10,1,2,,,,5,2000,1000,,0,,,
Normal,131,Restricted,500,6000,4000,,,200,1,5,,,,999,4000,2000,,0,,10,
Normal,131,Restricted,200,6000,4000,,,200,1,5,,,,999,2000,1000,,1,10,10,
Normal,131,High Volume,1000,6000,4000,0.001,10,200,1,5,10,,,9,4000,2000,,0,,,
Normal,132,Restricted,50,6000,4000,,,200,1,2,,,,9,2000,1000,,0,,10,
Normal,132,Restricted,150,2000,1000,,,,0,2,,,,2,500,500,10,,,,
Normal,132,High Volume,1000,6000,4000,0.001,10,200,1,2,10,,,9,2000,1000,,0,,,
Normal,133,Restricted,10,500,500,,,2,1,2,,,,5,250,250,10,0,,,
Normal,133,Restricted,10,500,500,,,2,1,2,,,,5,250,250,,0,,,
Normal,13312,Restricted,200,2000,1000,,,2,0,2,,,,1,500,500,10,,,,
Normal,13312,Restricted,100,6000,4000,,,2,1,2,,,,9,2000,1000,,,,10,
Normal,1331,Restricted,10,500,500,,,2,1,2,,,,5,250,250,,0,,,
Normal,1331,Restricted,10,500,500,,,2,1,2,,,,5,250,250,10,0,,,
Normal,1332,Restricted,10,1000,500,,,2,1,2,,,,1,250,250,10,0,,,
Normal,1332,Restricted,30,100,100,,,,,2,1,,,1,100,100,10,,,,
Normal,13322,Restricted,150,2000,1000,,,2,0,2,,,,1,500,500,10,,,,
Normal,13322,Restricted,80,6000,4000,,,2,1,2,,,,9,2000,1000,,,,10,
Normal,134,Restricted,5,3000,1000,,,2,1,1,,,,2,2000,1000,,0,,,
Normal,134,High Volume,1000,6000,4000,0.001,10,20,1,1,10,,,5,4000,2000,,0,,,
Normal,135,Restricted,25,3000,1000,,,10,1,2,,,,5,2000,1000,10,0,,,
Normal,135,Restricted,100,1000,1000,,,10,0,2,,,,1,500,500,,0,,,
Normal,1351,Restricted,15,100,100,,,,0,2,,,1,1,5,5,,0,,,
Normal,1351,Restricted,30,2000,1000,,,,0,2,,,1,1,500,500,10,,,,
Normal,1352,Restricted,20,1000,500,,,,1,2,,,1,1,250,250,10,0,,,
Normal,136,Restricted,400,6000,4000,,,200,1,2,,,,9,3000,2000,,0,,10,
Normal,136,High Volume,1000,6000,4000,0.001,10,200,1,2,10,,,99,3000,2000,,0,,,
Normal,138,Restricted,100,6000,4000,,,200,1,2,,,,99,3000,2000,,,,10,
Normal,138,Restricted,200,6000,4000,,,200,1,2,,,,9,3000,2000,10,,,,
Normal,138,High Volume,1000,6000,4000,0.001,10,200,1,2,10,,,99,3000,2000,,0,,,
Normal,139,Restricted,25,500,500,,,200,1,2,,,,5,200,200,,,,,
Normal,139,Restricted,80,250,250,,,,,2,,,,1,100,100,10,,,,
Normal,140,Restricted,20,3000,2000,,,20,1,2,,,,9,3000,2000,10,0,,,
Normal,140,High Volume,1000,6000,4000,0.001,10,200,1,2,10,,,99,3000,2000,,0,,,
Normal,141,Restricted,25,3000,2000,,,20,1,2,,,,9,3000,2000,,,,,
Normal,141,Restricted,60,2000,1000,,,20,1,2,,,,5,1000,500,10,,,,
Normal,142,Restricted,300,6000,4000,,,200,1,2,,,,9,3000,2000,,0,,10,
Normal,142,High Volume,1000,6000,4000,0.001,10,200,1,2,10,,,99,3000,2000,,0,,,
Normal,143,Restricted,30,6000,4000,,,200,1,2,,,,9,3000,2000,,0,,10,
Normal,143,High Volume,1000,3000,2000,0.001,10,200,1,2,10,,,9,3000,2000,,0,,,
Normal,144,Restricted,20,1000,500,,,200,1,2,,,,1,500,500,,0,,10,
Normal,144,Restricted,50,100,100,,,,,2,,,,1,100,100,10,,,,
Normal,145,Restricted,50,6000,4000,,,200,1,2,,,,9,3000,2000,,0,,10,
Normal,145,High Volume,1000,6000,4000,0.001,10,200,1,2,10,,,99,3000,2000,,0,,,
Normal,146,Restricted,15,3000,2000,,,2,1,2,,,,1,2000,1000,,0,,10,
Normal,146,High Volume,1000,3000,2000,0.001,10,2,1,2,2,,,1,2000,1000,,0,,,
Normal,147,Restricted,20,1000,500,,,2,0,2,,,,1,250,250,10,0,,,
Normal,148,Restricted,20,3000,2000,,,20,1,2,,,,9,3000,2000,,0,,,
Normal,148,High Volume,1000,6000,4000,0.001,10,200,1,2,10,,,99,3000,2000,,0,,,
Normal,149,Restricted,5,100,100,,,,0,2,,,1,1,5,5,,0,,,
Normal,152,Restricted,100,6000,4000,,,200,1,5,,,6,9,4000,2000,,0,,10,
Normal,152,High Volume,1000,6000,4000,0.001,10,200,1,5,10,,6,9,4000,2000,,0,,,
Normal,153,Restricted,100,6000,4000,,,200,1,2,,,6,9,2000,1000,,0,,10,
Normal,153,High Volume,1000,6000,4000,0.001,10,200,1,2,10,,6,9,2000,1000,,0,,,
Normal,154,Restricted,20,4000,2000,,,200,1,2,,,6,9,2000,1000,,0,,10,
Normal,154,Restricted,60,2000,1000,,,,1,2,,,6,9,1000,500,10,,,,
Normal,154,High Volume,1000,4000,2000,0.001,10,200,1,2,10,,6,9,2000,1000,,0,,,
Normal,155,Restricted,200,6000,4000,,,200,1,2,,,6,9,3000,2000,,0,,10,
Normal,155,High Volume,1000,6000,4000,0.001,10,200,1,2,10,,6,99,3000,2000,,0,,,
Normal,156,Restricted,50,500,500,,,,0,2,,,1,2,500,500,,,,10,
Normal,1156,Restricted,300,6000,4000,,,,1,2,,,6,9,3000,2000,10,,,,
Normal,1156,Restricted,175,6000,4000,,,,1,2,,,6,9,3000,2000,,,,10,
Normal,156,Restricted,20,6000,4000,,,200,1,2,,,6,9,3000,2000,,0,,10,
Normal,156,Restricted,20,500,500,,,,1,2,,,5,5,250,250,10,,,,
Normal,11561,Restricted,30,4000,2000,,,,1,2,,,6,9,2000,1000,,,,10,
Normal,11561,Restricted,50,1000,500,,,,1,2,,,3,2,500,500,10,,,,
Normal,11561,Restricted,100,500,500,,,,0,2,,,5,2,500,500,,,,10,
Normal,1561,Restricted,100,500,500,,,,0,2,,,1,2,500,500,,,,10,
Normal,1561,Restricted,30,4000,2000,,,200,1,2,,,6,3,2000,1000,,0,,10,
Normal,1561,Restricted,50,1000,500,,,,1,2,,,3,2,500,500,10,,,,
Normal,11562,Restricted,50,1000,500,,,,1,2,,,3,2,500,500,10,,,,
Normal,11562,Restricted,100,500,500,,,,0,2,,,3,2,500,500,,,,10,
Normal,11562,Restricted,30,4000,2000,,,,1,2,,,6,3,2000,1000,,0,,10,
Normal,1562,Restricted,100,500,500,,,,0,2,,,1,2,500,500,,,,10,
Normal,1562,Restricted,30,4000,2000,,,200,1,2,,,6,3,2000,1000,,0,,10,
Normal,11563,Restricted,50,1000,500,,,,1,2,,,3,2,500,500,10,,,,
Normal,11563,Restricted,50,500,500,,,,0,2,,,1,2,250,250,,,,10,
Normal,11563,Restricted,20,3000,2000,,,200,1,2,,,5,3,2000,1000,,0,,10,
Normal,1563,Restricted,50,500,500,,,,0,2,,,5,5,250,250,,,,10,
Normal,1563,Restricted,10,1000,500,,,200,1,2,,,5,5,100,100,,0,,,
Normal,157,Restricted,200,6000,4000,,,200,1,5,,,6,9,4000,2000,,0,,10,
Normal,157,Restricted,50,4000,2000,,,200,1,5,,,6,9,2000,1000,,1,10,10,
Normal,157,High Volume,1000,6000,4000,0.001,10,200,1,5,10,,6,9,4000,2000,,0,,,
Normal,158,Restricted,25,3000,2000,,,20,1,2,,,3,9,1000,500,,0,,10,
Normal,158,Restricted,25,3000,2000,,,20,1,2,,,3,9,1000,500,10,0,,10,
Normal,158,High Volume,1000,3000,2000,0.001,10,20,1,2,10,,3,9,2000,1000,,0,,,
Normal,159,Restricted,20,3000,2000,,,200,1,2,,,5,3,2000,1000,,0,,10,
Normal,159,Restricted,20,3000,2000,,,200,1,2,,,5,3,2000,1000,10,,,,
Normal,160,Restricted,100,6000,4000,,,200,1,2,,,7,9,3000,2000,,0,,10,
Normal,161,Restricted,15,2000,500,,,2,1,2,,,5,5,500,500,,0,,10,
Normal,161,Restricted,15,500,500,,,,1,2,,,5,5,250,250,10,0,,,
Normal,170,Restricted,20,500,500,,,,1,2,,,5,9,500,500,,0,,10,
Normal,170,Restricted,20,500,500,,,,,2,,,2,2,100,100,10,,,,
Normal,1711,Restricted,20,500,500,,,,0,2,,,5,1,10,10,,,,
Normal,171,Restricted,15,250,250,,,,1,2,,,4,1,10,10,,,,,,,,,1,6,5
Normal,181,Restricted,25,6000,4000,,,200,1,2,,,5,9,4000,2000,,0,,,
Normal,181,Restricted,100,1000,500,,,,0,2,,,5,5,1000,500,10,,,,
Normal,299,High Volume,1000,6000,4000,0.001,10,200,1,2,10,,,9,4000,2000,,0,,,
Normal,299,Restricted,15,6000,4000,,,200,1,2,,,,9,4000,2000,,0,,,
Normal,300,Restricted,6,10,20,,,,0,2,,,4,1,10,10,,,,,
Deep,1,High Volume,1000,6000,4000,0.001,10,20,1,5,10,,15,5,4000,1000,,0,,,
Deep,1,Restricted,200,6000,4000,,,20,1,5,10,,,5,100,100,,1,10,10,
Deep,1,Restricted,200,6000,4000,,,20,1,5,,,,5,100,100,10,0,,,
Deep,1,Restricted,200,6000,4000,,,20,1,5,,,,5,100,100,,0,,,
Deep,2,High Volume,1000,6000,4000,0.001,10,20,1,5,10,,15,5,4000,1000,,0,,,
Deep,2,Restricted,100,6000,4000,,,20,1,5,10,,,5,100,100,,1,10,10,
Deep,2,Restricted,100,6000,4000,,,20,1,5,,,,5,100,100,10,0,,,
Deep,3,High Volume,1000,6000,4000,0.001,10,20,1,5,10,,50,5,100,100,,0,,,
Deep,3,Restricted,100,6000,4000,,,20,1,5,10,,50,5,100,100,,1,10,10,
Deep,3,Restricted,100,6000,4000,,,20,1,5,,,50,5,100,100,10,0,,,
Deep,11,High Volume,1000,6000,4000,0.001,10,20,1,5,10,,15,5,4000,1000,,0,,,
Deep,11,Restricted,100,6000,4000,,,20,1,5,10,,,5,100,100,,1,10,10,
Deep,11,Restricted,100,6000,4000,,,20,1,5,,,,5,100,100,10,0,,,
Deep,12,High Volume,1000,6000,4000,0.001,10,20,1,5,10,,15,5,4000,1000,,0,,,
Deep,12,Restricted,100,6000,4000,,,20,1,5,10,,,5,100,100,,1,10,10,
Deep,12,Restricted,100,6000,4000,,,20,1,5,,,,5,100,100,10,0,,,
Deep,13,High Volume,1000,6000,4000,0.001,10,20,1,5,10,,50,5,100,100,,0,,,
Deep,13,Restricted,100,6000,4000,,,20,1,5,10,,50,5,100,100,,1,10,10,
Deep,13,Restricted,100,6000,4000,,,20,1,5,,,50,5,100,100,,0,,,
Deep,14,High Volume,1000,6000,4000,0.001,10,20,1,5,10,,50,5,100,100,,0,,,
Deep,14,Restricted,50,6000,4000,,,20,1,5,10,,50,5,100,100,,0,,10,
Deep,14,Restricted,50,6000,4000,,,20,1,5,,,50,5,100,100,10,0,,,
Deep,15,High Volume,1000,6000,4000,0.001,10,20,1,5,10,,50,5,100,100,,0,,,
Deep,15,Restricted,100,6000,4000,,,20,1,5,10,,50,5,100,100,,1,10,10,
Deep,15,Restricted,100,6000,4000,,,20,1,5,,,50,5,100,100,10,0,,,
Deep,16,High Volume,1000,6000,4000,0.001,10,20,1,5,10,,50,5,100,100,,0,,,
Deep,16,Restricted,50,6000,4000,,,20,1,5,10,,50,5,100,100,,1,10,10,
Deep,16,Restricted,50,6000,4000,,,20,1,5,,,50,5,100,100,10,0,,,
Deep,17,High Volume,1000,6000,4000,0.001,10,20,1,5,10,,,5,100,100,,0,,,
Deep,17,Restricted,250,4000,2000,,,20,1,5,10,,,5,100,100,,1,10,10,
Deep,17,Restricted,250,6000,4000,,,20,1,5,,,,5,100,100,10,0,,,
Deep,18,High Volume,1000,6000,4000,0.001,10,20,1,5,10,,50,5,100,100,,0,,,
Deep,18,Restricted,125,6000,4000,,,20,1,5,10,,50,5,100,100,,0,,10,
Deep,18,Restricted,125,6000,4000,,,20,1,5,,,50,5,100,100,10,0,,0,
Deep,19,High Volume,1000,6000,1000,0.001,10,20,1,5,10,,50,5,100,100,,0,,,
Deep,19,Restricted,125,6000,1000,,,20,1,5,10,,50,5,100,100,,0,,10,
Deep,19,Restricted,125,6000,1000,,,20,1,5,,,50,5,100,100,10,0,,,
Deep,20,High Volume,1000,6000,4000,0.001,10,20,1,5,10,,,5,100,100,,0,,,
Deep,20,Restricted,200,4000,2000,,,20,1,5,10,,,5,100,100,,0,,10,
Deep,20,Restricted,40,3000,1000,,,20,1,5,,,,5,100,100,,1,8,,
Deep,21,High Volume,1000,6000,4000,0.001,10,20,1,5,10,,50,5,100,100,,0,,,
Deep,21,Restricted,125,6000,4000,,,20,1,5,10,,50,5,100,100,,0,,10,
Deep,21,Restricted,40,6000,4000,,,20,1,5,,,50,5,100,100,,1,8,0,
Deep,22,High Volume,1000,6000,1000,0.001,10,20,1,5,10,,50,5,100,100,,0,,,
Deep,22,Restricted,125,6000,1000,,,20,1,5,10,,50,5,100,100,10,0,,,
Deep,22,Restricted,50,6000,1000,,,20,1,5,,,50,5,100,100,,1,8,,
Deep,23,Restricted,40,3000,1000,,,20,1,5,10,,50,5,100,100,,1,5,10,
Deep,23,Restricted,75,3000,1000,,,20,1,5,,,50,5,100,100,10,0,,,
Deep,24,Restricted,40,3000,1000,,,20,1,5,10,,50,5,100,100,,1,5,10,
Deep,24,Restricted,75,3000,1000,,,20,1,5,,,50,5,100,100,10,0,,,
Deep,121,High Volume,1000,6000,4000,0.001,10,200,1,5,10,,,999,4000,2000,,0,,,
Deep,121,Restricted,1000,6000,4000,,,200,1,5,,,,999,4000,2000,,0,,10,
Deep,121,Restricted,200,6000,4000,,,200,1,5,,,,999,4000,2000,,1,10,,
Deep,122,High Volume,1000,6000,4000,0.001,10,200,1,5,10,,,9,4000,2000,,0,,,
Deep,122,Restricted,500,6000,4000,,,200,1,5,,,,9,4000,2000,,0,,10,
Deep,123,High Volume,1000,5000,3000,0.001,10,200,1,2,10,,,9,4000,2000,,0,,,
Deep,123,Restricted,300,5000,3000,,,200,1,2,,,,9,4000,2000,,0,,10,
Deep,124,High Volume,1000,6000,4000,0.001,10,200,1,2,10,,,9,2000,1000,,0,,,
Deep,124,Restricted,100,5000,3000,,,200,1,2,,,,9,2000,1000,,0,,10,
Deep,125,High Volume,1000,6000,4000,0.001,10,200,1,1,10,,,999,4000,2000,,0,,,
Deep,125,Restricted,75,6000,4000,,,200,1,1,,,,999,4000,2000,,0,,10,
Deep,125,Restricted,75,6000,4000,,,200,1,1,,,,999,4000,2000,,1,10,,
Deep,126,High Volume,1000,6000,4000,0.001,10,200,1,2,10,,,9,4000,2000,,0,,,
Deep,126,Restricted,50,6000,4000,,,200,1,2,,,,9,4000,2000,,0,,10,
Deep,126,Restricted,50,6000,4000,,,200,1,2,,,,9,4000,2000,,1,10,,
Deep,127,High Volume,1000,6000,4000,0.001,10,200,1,2,10,,,9,4000,2000,,0,,,
Deep,127,Restricted,50,6000,4000,,,200,1,2,,,,9,4000,2000,,0,,10,
Deep,127,Restricted,50,6000,4000,,,200,1,2,,,,9,4000,2000,,1,10,,
Deep,128,High Volume,1000,6000,4000,0.001,10,200,1,2,10,,,9,4000,2000,,0,,,
Deep,128,Restricted,50,6000,4000,,,200,1,2,,,,9,4000,2000,,0,,10,
Deep,128,Restricted,50,6000,4000,,,200,1,2,,,,9,4000,2000,,1,10,,
Deep,129,High Volume,1000,6000,4000,0.001,10,200,1,2,10,,,5,2000,1000,,0,,,
Deep,129,Restricted,50,6000,4000,,,200,1,2,,,,5,2000,1000,,0,,10,
Deep,129,Restricted,30,6000,4000,,,200,1,2,,,,5,2000,1000,,1,10,,
Deep,130,High Volume,1000,6000,4000,0.001,10,20,1,2,10,,,5,4000,2000,,0,,,
Deep,130,Restricted,25,3000,1000,,,10,1,2,,,,5,2000,1000,10,0,,,
Deep,131,High Volume,1000,6000,4000,0.001,10,200,1,1,10,,,999,4000,2000,,0,,,
Deep,131,Restricted,2000,6000,4000,,,200,1,1,,,,999,4000,2000,,0,,10,
Deep,131,Restricted,500,6000,4000,,,200,1,1,,,,999,4000,2000,,1,10,,
Deep,132,High Volume,1000,6000,4000,0.001,10,200,1,5,10,,,9,4000,2000,,0,,,
Deep,132,Restricted,100,6000,4000,,,200,1,5,,,,9,4000,2000,,0,,10,
Deep,133,High Volume,1000,6000,4000,0.001,10,200,1,2,10,,,9,2000,1000,,0,,,
Deep,133,Restricted,100,6000,4000,,,200,1,2,,,,9,2000,1000,,0,,10,
Deep,134,High Volume,1000,6000,4000,0.001,10,200,1,2,10,,,5,2000,1000,,0,,,
Deep,134,Restricted,15,4000,2000,,,200,1,2,,,,5,2000,1000,,0,,10,
Deep,135,High Volume,1000,6000,4000,0.001,10,20,1,2,10,,,5,4000,2000,,0,,,
Deep,135,Restricted,10,3000,1000,,,10,1,2,,,,5,2000,1000,10,0,,,
Deep,136,High Volume,1000,6000,4000,0.001,10,200,1,2,10,,,99,3000,2000,,0,,,
Deep,136,Restricted,600,6000,4000,,,200,1,2,,,,99,3000,2000,,0,,10,
Deep,139,High Volume,1000,6000,4000,0.001,10,200,1,2,10,,,99,3000,2000,,0,,,
Deep,139,Restricted,200,6000,4000,,,200,1,2,,,,99,3000,2000,,0,,10,
Deep,138,High Volume,1000,6000,4000,0.001,10,200,1,2,10,,,99,3000,2000,,0,,,
Deep,138,Restricted,250,6000,4000,,,200,1,2,,,,99,3000,2000,,0,,10,
Deep,140,High Volume,1000,6000,4000,0.001,10,200,1,2,10,,,99,3000,2000,,0,,,
Deep,140,Restricted,40,3000,2000,,,20,1,2,,,,9,3000,2000,10,0,,,
Deep,141,High Volume,1000,6000,4000,0.001,10,200,1,2,10,,,99,3000,2000,,0,,,
Deep,141,Restricted,40,3000,2000,,,20,1,2,,,,9,3000,2000,,0,,,
Deep,142,High Volume,1000,6000,4000,0.001,10,200,1,2,10,,,99,3000,2000,,0,,,
Deep,142,Restricted,500,6000,4000,,,200,1,2,,,,99,3000,2000,,0,,10,
Deep,143,High Volume,1000,3000,2000,0.001,10,200,1,2,10,,,9,3000,2000,,0,,,
Deep,143,Restricted,100,6000,4000,,,200,1,2,,,,9,3000,2000,,0,,10,
Deep,144,Restricted,30,3000,2000,,,200,1,2,,,,9,3000,2000,,0,,10,
Deep,145,High Volume,1000,6000,4000,0.001,10,200,1,2,10,,,99,3000,2000,,0,,,
Deep,145,Restricted,100,6000,4000,,,200,1,2,,,,99,3000,2000,,0,,10,
Deep,146,High Volume,1000,3000,2000,0.001,10,5,1,2,2,,,1,2000,1000,,0,,,
Deep,146,Restricted,25,3000,2000,,,5,1,2,,,,1,2000,1000,,0,,10,
Deep,147,High Volume,1000,3000,2000,0.001,10,5,1,2,2,,,1,1000,500,,0,,,
Deep,147,Restricted,25,3000,2000,,,5,1,2,,,,1,1000,500,,0,,10,
Deep,148,High Volume,1000,6000,4000,0.001,10,200,1,2,10,,,99,3000,2000,,0,,,
Deep,148,Restricted,40,3000,2000,,,20,1,2,,,,9,3000,2000,10,0,,,
Deep,149,High Volume,1000,4000,2000,0.010,2,20,1,2,4,,,9,3000,2000,,0,,,
Deep,152,High Volume,1000,6000,4000,0.001,10,200,1,5,10,,99,999,4000,2000,,0,,,
Deep,152,Restricted,1000,6000,4000,,,200,1,5,,,99,999,4000,2000,,0,,10,
Deep,152,Restricted,1000,6000,4000,,,200,1,5,,,99,999,4000,2000,,1,10,,
Deep,153,High Volume,1000,6000,4000,0.001,10,200,1,2,10,,6,9,2000,1000,,0,,,
Deep,153,Restricted,500,6000,4000,,,200,1,2,,,6,9,2000,1000,,0,,10,
Deep,153,Restricted,500,6000,4000,,,200,1,2,,,6,9,2000,1000,10,0,,10,
Deep,154,High Volume,1000,5000,3000,0.001,10,200,1,2,10,,8,9,4000,2000,,0,,,
Deep,154,Restricted,100,5000,3000,,,200,1,2,,,8,9,4000,2000,,0,,10,
Deep,155,High Volume,1000,6000,4000,0.001,10,200,1,2,10,,8,99,3000,2000,,0,,,
Deep,155,Restricted,300,6000,4000,,,200,1,2,,,8,99,3000,2000,,0,,10,
Deep,156,High Volume,1000,6000,4000,0.010,10,200,1,2,5,,8,9,3000,2000,,0,,,
Deep,156,Restricted,100,6000,4000,,,200,1,2,,,8,9,3000,2000,,0,,10,
Deep,157,High Volume,1000,6000,4000,0.001,10,200,1,5,10,,6,9,4000,2000,,0,,,
Deep,157,Restricted,500,6000,4000,,,200,1,5,,,6,9,4000,2000,,0,,10,
Deep,157,Restricted,100,4000,2000,,,200,1,5,,,6,9,2000,1000,,1,10,10,
Deep,158,Restricted,50,4000,2000,,,20,1,2,,,10,9,5,5,,0,,10,
Deep,158,Restricted,50,4000,2000,,,20,1,2,,,5,9,10,10,10,0,,10,
Deep,158,Restricted,50,4000,2000,,,20,1,2,,,10,9,25,25,,,,,
Deep,158,Restricted,50,4000,2000,,,20,1,2,,,5,9,50,50,,,,,
Deep,159,High Volume,1000,6000,4000,0.001,10,200,1,2,10,,6,9,2000,1000,,0,,,
Deep,159,Restricted,75,6000,4000,,,200,1,2,,,6,9,2000,1000,,0,,10,
Deep,160,Restricted,150,6000,4000,,,200,1,2,,,8,99,3000,2000,,0,,10,
Deep,161,Restricted,50,2000,500,,,2,0,2,,,3,1,1000,500,,0,,10,
Deep,161,Restricted,50,2000,500,,,5,0,2,,,10,5,25,25,,0,,10,
Deep,170,Restricted,75,6000,4000,,,200,1,2,,,8,99,3000,2000,,0,,10,
Deep,171,Restricted,25,2000,500,,,2,0,2,,,3,1,1000,500,,0,,10,
Deep,171,Restricted,25,2000,500,,,5,0,2,,,10,5,25,25,,0,,10,
Deep,299,High Volume,1000,6000,4000,0.001,10,20,1,2,10,,,9,4000,2000,,0,,,
Deep,299,Restricted,20,6000,4000,,,20,1,2,,,,9,4000,2000,,0,,,
Deep,300,Restricted,20,6000,4000,,,20,1,2,,,5,9,4000,2000,,0,,,
Yield,1,Restricted,75,4000,1000,,,20,1,5,10,,,5,100,100,,1,10,10,
Yield,1,Restricted,75,4000,1000,,,20,1,5,,,,5,100,100,10,0,,,
Yield,1,High Volume,1000,4000,1000,0.001,10,20,1,5,10,,15,5,4000,1000,,0,,,
Yield,2,Restricted,75,4000,1000,,,20,1,5,10,,,5,100,100,,1,10,10,
Yield,2,Restricted,75,4000,1000,,,20,1,5,,,,5,100,100,10,0,,,
Yield,2,High Volume,1000,4000,1000,0.001,10,20,1,5,10,,15,5,4000,1000,,0,,,
Yield,3,Restricted,75,4000,1000,,,20,1,5,00,,50,5,100,100,,1,10,10,
Yield,3,Restricted,75,4000,1000,,,20,1,5,,,50,5,100,100,10,0,,,
Yield,3,High Volume,1000,4000,1000,0.001,10,20,1,5,10,,50,5,100,100,,0,,,
Yield,11,Restricted,75,4000,1000,,,20,1,5,10,,,5,100,100,,1,10,10,
Yield,11,Restricted,75,4000,1000,,,20,1,5,,,,5,100,100,10,0,,,
Yield,11,High Volume,1000,4000,1000,0.001,10,20,1,5,10,,15,5,4000,1000,,0,,,
Yield,12,Restricted,75,4000,1000,,,20,1,5,10,,,5,100,100,,1,10,10,
Yield,12,Restricted,75,4000,1000,,,20,1,5,,,,5,100,100,10,0,,,
Yield,12,High Volume,1000,4000,1000,0.001,10,20,1,5,10,,15,5,4000,1000,,0,,,
Yield,13,Restricted,75,4000,1000,,,20,1,5,00,,50,5,100,100,,1,10,10,
Yield,13,Restricted,75,4000,1000,,,20,1,5,,,50,5,100,100,10,0,,,
Yield,13,High Volume,1000,4000,1000,0.001,10,20,1,5,10,,50,5,100,100,,0,,,
Yield,14,Restricted,50,4000,1000,,,20,1,5,00,,50,5,100,100,,1,10,10,
Yield,14,Restricted,50,4000,1000,,,20,1,5,,,50,5,100,100,10,0,,,
Yield,14,High Volume,1000,4000,1000,0.001,10,20,1,5,10,,50,5,100,100,,0,,,
Yield,15,Restricted,100,6000,3000,,,20,1,5,,,,5,100,100,,1,10,10,
Yield,15,Restricted,100,6000,3000,,,20,1,5,,,,5,100,100,10,0,,,
Yield,15,High Volume,1000,6000,3000,0.001,10,20,1,5,10,,,5,100,100,,0,,,
Yield,16,Restricted,50,4000,1000,,,20,1,5,00,,50,5,100,100,,1,10,10,
Yield,16,Restricted,50,4000,1000,,,20,1,5,,,50,5,100,100,10,0,,,
Yield,16,High Volume,1000,4000,1000,0.001,10,20,1,5,10,,50,5,100,100,,0,,,
Yield,17,Restricted,50,4000,1000,,,20,1,5,00,,50,5,100,100,10,0,,,
Yield,17,Restricted,50,4000,1000,,,20,1,5,,,50,5,100,100,,0,,,
Yield,17,High Volume,1000,4000,1000,0.001,10,20,1,5,10,,50,5,100,100,,0,,,
Yield,18,Restricted,50,4000,1000,,,20,1,5,00,,50,5,100,100,,0,,10,
Yield,18,Restricted,50,4000,1000,,,20,1,5,,,50,5,100,100,10,0,,0,
Yield,18,High Volume,1000,4000,1000,0.001,10,20,1,5,10,,50,5,100,100,,0,,,
Yield,19,Restricted,50,3000,1000,,,20,1,5,10,,50,5,100,100,,0,,10,
Yield,19,Restricted,50,3000,1000,,,20,1,5,,,50,5,100,100,10,0,,,
Yield,19,High Volume,1000,3000,1000,0.001,10,20,1,5,10,,50,5,100,100,,0,,,
Yield,20,Restricted,50,4000,1000,,,20,1,5,00,,50,5,100,100,10,0,,,
Yield,20,Restricted,50,4000,1000,,,20,1,5,,,50,5,100,100,,0,,,
Yield,20,High Volume,1000,4000,1000,0.001,10,20,1,5,10,,50,5,100,100,,0,,,
Yield,21,Restricted,50,4000,1000,,,20,1,5,00,,50,5,100,100,,0,,10,
Yield,21,Restricted,50,4000,1000,,,20,1,5,,,50,5,100,100,10,0,,0,
Yield,21,High Volume,1000,4000,1000,0.001,10,20,1,5,10,,50,5,100,100,,0,,,
Yield,22,Restricted,50,3000,1000,,,20,1,5,10,,50,5,100,100,,0,,10,
Yield,22,Restricted,50,3000,1000,,,20,1,5,,,50,5,100,100,10,0,,,
Yield,22,High Volume,1000,3000,1000,0.001,10,20,1,5,10,,50,5,100,100,,0,,,
Yield,23,Restricted,20,3000,1000,,,20,1,5,10,,50,5,100,100,,1,5,10,
Yield,23,Restricted,50,3000,1000,,,20,1,5,,,50,5,100,100,10,0,,,
Yield,24,Restricted,20,3000,1000,,,20,1,5,10,,50,5,100,100,,1,5,10,
Yield,24,Restricted,50,3000,1000,,,20,1,5,,,50,5,100,100,10,0,,,
Yield,121,Restricted,500,6000,4000,,,200,1,5,,,,9,4000,2000,,0,,10,
Yield,121,Restricted,200,6000,4000,,,200,1,5,,,,9,2000,1000,,1,10,10,
Yield,121,High Volume,1000,6000,4000,0.001,10,200,1,5,10,,,9,4000,2000,,0,,,
Yield,122,Restricted,300,6000,4000,,,200,1,2,,,,9,2000,1000,,0,,10,
Yield,122,Restricted,300,6000,4000,,,200,1,2,,,,9,2000,1000,10,0,,10,
Yield,122,High Volume,1000,6000,4000,0.001,10,200,1,2,10,,,9,2000,1000,,0,,,
Yield,123,Restricted,300,4000,2000,,,200,1,2,,,,9,2000,1000,,0,,10,
Yield,123,Restricted,50,2000,1000,,,20,1,2,,,,2,1000,500,10,,,,
Yield,124,Restricted,75,4000,2000,,,200,1,2,,,,9,2000,1000,,,,10,
Yield,124,Restricted,60,4000,2000,,,200,1,2,,,,1,2000,1000,10,,,10,
Yield,124,High Volume,1000,4000,2000,0.001,10,200,1,2,10,,,9,2000,1000,,0,,,
Yield,125,Restricted,60,6000,4000,,,20,1,2,,,,5,4000,2000,,0,,,
Yield,125,Restricted,20,6000,4000,,,20,1,2,,,,5,2000,1000,,1,10,,
Yield,125,High Volume,1000,6000,4000,0.001,10,20,1,2,10,,,5,4000,2000,,0,,,
Yield,126,Restricted,50,6000,4000,,,20,1,2,,,,5,4000,2000,,0,,,
Yield,126,Restricted,25,6000,4000,,,20,1,2,,,,5,2000,1000,,1,10,,
Yield,126,High Volume,1000,6000,4000,0.001,10,20,1,2,10,,,5,4000,2000,,0,,,
Yield,127,Restricted,50,6000,4000,,,20,1,2,,,,5,4000,2000,,0,,,
Yield,127,Restricted,80,2000,1000,,,20,1,2,,,,5,1000,500,10,,,,
Yield,127,High Volume,1000,6000,4000,0.001,10,20,1,2,10,,,5,4000,2000,,0,,,
Yield,128,Restricted,50,6000,4000,,,20,1,2,,,,5,4000,2000,,0,,,
Yield,128,Restricted,50,2000,1000,,,20,1,2,,,,5,1000,500,10,,,,
Yield,128,High Volume,1000,6000,4000,0.001,10,20,1,2,10,,,5,4000,2000,,0,,,
Yield,129,Restricted,50,6000,4000,,,20,1,2,,,,5,4000,2000,,0,,,
Yield,129,High Volume,1000,6000,4000,0.001,10,20,1,2,10,,,5,4000,2000,,0,,,
Yield,130,Restricted,75,3000,1000,,,10,1,2,,,,5,2000,1000,10,0,,,
Yield,130,Restricted,75,3000,1000,,,10,1,2,,,,5,2000,1000,,0,,,
Yield,131,Restricted,500,6000,4000,,,200,1,5,,,,999,4000,2000,,0,,10,
Yield,131,Restricted,200,6000,4000,,,200,1,5,,,,999,2000,1000,,1,10,10,
Yield,131,High Volume,1000,6000,4000,0.001,10,200,1,5,10,,,9,4000,2000,,0,,,
Yield,132,Restricted,50,6000,4000,,,200,1,2,,,,9,2000,1000,,0,,10,
Yield,132,Restricted,150,2000,1000,,,,0,2,,,,2,500,500,10,,,,
Yield,132,High Volume,1000,6000,4000,0.001,10,200,1,2,10,,,9,2000,1000,,0,,,
Yield,133,Restricted,10,500,500,,,2,1,2,,,,5,250,250,10,0,,,
Yield,133,Restricted,10,500,500,,,2,1,2,,,,5,250,250,,0,,,
Yield,13312,Restricted,200,2000,1000,,,2,0,2,,,,1,500,500,10,,,,
Yield,13312,Restricted,100,6000,4000,,,2,1,2,,,,9,2000,1000,,,,10,
Yield,1331,Restricted,10,500,500,,,2,1,2,,,,5,250,250,,0,,,
Yield,1331,Restricted,10,500,500,,,2,1,2,,,,5,250,250,10,0,,,
Yield,1332,Restricted,10,1000,500,,,2,1,2,,,,1,250,250,10,0,,,
Yield,1332,Restricted,30,100,100,,,,,2,1,,,1,100,100,10,,,,
Yield,13322,Restricted,150,2000,1000,,,2,0,2,,,,1,500,500,10,,,,
Yield,13322,Restricted,80,6000,4000,,,2,1,2,,,,9,2000,1000,,,,10,
Yield,134,Restricted,5,3000,1000,,,2,1,1,,,,2,2000,1000,,0,,,
Yield,134,High Volume,1000,6000,4000,0.001,10,20,1,1,10,,,5,4000,2000,,0,,,
Yield,135,Restricted,25,3000,1000,,,10,1,2,,,,5,2000,1000,10,0,,,
Yield,135,Restricted,100,1000,1000,,,10,0,2,,,,1,500,500,,0,,,
Yield,1351,Restricted,15,100,100,,,,0,2,,,1,1,5,5,,0,,,
Yield,1351,Restricted,30,2000,1000,,,,0,2,,,1,1,500,500,10,,,,
Yield,1352,Restricted,20,1000,500,,,,1,2,,,1,1,250,250,10,0,,,
Yield,136,Restricted,400,6000,4000,,,200,1,2,,,,9,3000,2000,,0,,10,
Yield,136,High Volume,1000,6000,4000,0.001,10,200,1,2,10,,,99,3000,2000,,0,,,
Yield,138,Restricted,100,6000,4000,,,200,1,2,,,,99,3000,2000,,,,10,
Yield,138,Restricted,200,6000,4000,,,200,1,2,,,,9,3000,2000,10,,,,
Yield,138,High Volume,1000,6000,4000,0.001,10,200,1,2,10,,,99,3000,2000,,0,,,
Yield,139,Restricted,25,500,500,,,200,1,2,,,,5,200,200,,,,,
Yield,139,Restricted,80,250,250,,,,,2,,,,1,100,100,10,,,,
Yield,140,Restricted,20,3000,2000,,,20,1,2,,,,9,3000,2000,10,0,,,
Yield,140,High Volume,1000,6000,4000,0.001,10,200,1,2,10,,,99,3000,2000,,0,,,
Yield,141,Restricted,25,3000,2000,,,20,1,2,,,,9,3000,2000,,,,,
Yield,141,Restricted,60,2000,1000,,,20,1,2,,,,5,1000,500,10,,,,
Yield,142,Restricted,300,6000,4000,,,200,1,2,,,,9,3000,2000,,0,,10,
Yield,142,High Volume,1000,6000,4000,0.001,10,200,1,2,10,,,99,3000,2000,,0,,,
Yield,143,Restricted,30,6000,4000,,,200,1,2,,,,9,3000,2000,,0,,10,
Yield,143,High Volume,1000,3000,2000,0.001,10,200,1,2,10,,,9,3000,2000,,0,,,
Yield,144,Restricted,20,1000,500,,,200,1,2,,,,1,500,500,,0,,10,
Yield,144,Restricted,50,100,100,,,,,2,,,,1,100,100,10,,,,
Yield,145,Restricted,50,6000,4000,,,200,1,2,,,,9,3000,2000,,0,,10,
Yield,145,High Volume,1000,6000,4000,0.001,10,200,1,2,10,,,99,3000,2000,,0,,,
Yield,146,Restricted,15,3000,2000,,,2,1,2,,,,1,2000,1000,,0,,10,
Yield,146,High Volume,1000,3000,2000,0.001,10,2,1,2,2,,,1,2000,1000,,0,,,
Yield,147,Restricted,20,1000,500,,,2,0,2,,,,1,250,250,10,0,,,
Yield,148,Restricted,20,3000,2000,,,20,1,2,,,,9,3000,2000,,0,,,
Yield,148,High Volume,1000,6000,4000,0.001,10,200,1,2,10,,,99,3000,2000,,0,,,
Yield,149,Restricted,5,100,100,,,,0,2,,,1,1,5,5,,0,,,
Yield,152,Restricted,100,6000,4000,,,200,1,5,,,6,9,4000,2000,,0,,10,
Yield,152,High Volume,1000,6000,4000,0.001,10,200,1,5,10,,6,9,4000,2000,,0,,,
Yield,153,Restricted,100,6000,4000,,,200,1,2,,,6,9,2000,1000,,0,,10,
Yield,153,High Volume,1000,6000,4000,0.001,10,200,1,2,10,,6,9,2000,1000,,0,,,
Yield,154,Restricted,20,4000,2000,,,200,1,2,,,6,9,2000,1000,,0,,10,
Yield,154,Restricted,60,2000,1000,,,,1,2,,,6,9,1000,500,10,,,,
Yield,154,High Volume,1000,4000,2000,0.001,10,200,1,2,10,,6,9,2000,1000,,0,,,
Yield,155,Restricted,200,6000,4000,,,200,1,2,,,6,9,3000,2000,,0,,10,
Yield,155,High Volume,1000,6000,4000,0.001,10,200,1,2,10,,6,99,3000,2000,,0,,,
Yield,156,Restricted,50,500,500,,,,0,2,,,1,2,500,500,,,,10,
Yield,1156,Restricted,300,6000,4000,,,,1,2,,,6,9,3000,2000,10,,,,
Yield,1156,Restricted,175,6000,4000,,,,1,2,,,6,9,3000,2000,,,,10,
Yield,156,Restricted,20,6000,4000,,,200,1,2,,,6,9,3000,2000,,0,,10,
Yield,156,Restricted,20,500,500,,,,1,2,,,5,5,250,250,10,,,,
Yield,11561,Restricted,30,4000,2000,,,,1,2,,,6,9,2000,1000,,,,10,
Yield,11561,Restricted,50,1000,500,,,,1,2,,,3,2,500,500,10,,,,
Yield,11561,Restricted,100,500,500,,,,0,2,,,5,2,500,500,,,,10,
Yield,1561,Restricted,100,500,500,,,,0,2,,,1,2,500,500,,,,10,
Yield,1561,Restricted,30,4000,2000,,,200,1,2,,,6,3,2000,1000,,0,,10,
Yield,1561,Restricted,50,1000,500,,,,1,2,,,3,2,500,500,10,,,,
Yield,11562,Restricted,50,1000,500,,,,1,2,,,3,2,500,500,10,,,,
Yield,11562,Restricted,100,500,500,,,,0,2,,,3,2,500,500,,,,10,
Yield,11562,Restricted,30,4000,2000,,,,1,2,,,6,3,2000,1000,,0,,10,
Yield,1562,Restricted,100,500,500,,,,0,2,,,1,2,500,500,,,,10,
Yield,1562,Restricted,30,4000,2000,,,200,1,2,,,6,3,2000,1000,,0,,10,
Yield,11563,Restricted,50,1000,500,,,,1,2,,,3,2,500,500,10,,,,
Yield,11563,Restricted,50,500,500,,,,0,2,,,1,2,250,250,,,,10,
Yield,11563,Restricted,20,3000,2000,,,200,1,2,,,5,3,2000,1000,,0,,10,
Yield,1563,Restricted,50,500,500,,,,0,2,,,5,5,250,250,,,,10,
Yield,1563,Restricted,10,1000,500,,,200,1,2,,,5,5,100,100,,0,,,
Yield,157,Restricted,200,6000,4000,,,200,1,5,,,6,9,4000,2000,,0,,10,
Yield,157,Restricted,50,4000,2000,,,200,1,5,,,6,9,2000,1000,,1,10,10,
Yield,157,High Volume,1000,6000,4000,0.001,10,200,1,5,10,,6,9,4000,2000,,0,,,
Yield,158,Restricted,25,3000,2000,,,20,1,2,,,3,9,1000,500,,0,,10,
Yield,158,Restricted,25,3000,2000,,,20,1,2,,,3,9,1000,500,10,0,,10,
Yield,158,High Volume,1000,3000,2000,0.001,10,20,1,2,10,,3,9,2000,1000,,0,,,
Yield,159,Restricted,20,3000,2000,,,200,1,2,,,5,3,2000,1000,,0,,10,
Yield,159,Restricted,20,3000,2000,,,200,1,2,,,5,3,2000,1000,10,,,,
Yield,160,Restricted,100,6000,4000,,,200,1,2,,,7,9,3000,2000,,0,,10,
Yield,161,Restricted,15,2000,500,,,2,1,2,,,5,5,500,500,,0,,10,
Yield,161,Restricted,15,500,500,,,,1,2,,,5,5,250,250,10,0,,,
Yield,170,Restricted,20,500,500,,,,1,2,,,5,9,500,500,,0,,10,
Yield,170,Restricted,20,500,500,,,,,2,,,2,2,100,100,10,,,,
Yield,1711,Restricted,20,500,500,,,,0,2,,,5,1,10,10,,,,
Yield,171,Restricted,20,25,50,,,,1,2,,,2,1,10,10,,,,,,,,,1,6,5
Yield,181,Restricted,25,6000,4000,,,200,1,2,,,5,9,4000,2000,,0,,,
Yield,181,Restricted,100,1000,500,,,,0,2,,,5,5,1000,500,10,,,,
Yield,299,High Volume,1000,6000,4000,0.001,10,200,1,2,10,,,9,4000,2000,,0,,,
Yield,299,Restricted,15,6000,4000,,,200,1,2,,,,9,4000,2000,,0,,,
Yield,300,Restricted,6,10,20,,,,0,2,,,4,1,10,10,,,,,
